TKU1.VN.-- 108.23  14.70  79.20 00
SONT.VN.-- 108.32  15.15  65.49 00
TKU3.VN.-- 108.01  14.95  61.78 00
VC03.VN.-- 107.94  14.82  38.56 00
VC04.VN.-- 108.82  14.84   6.16 00
GLVB.VN.-- 107.99  14.23  10.81 00
VC05.VN.-- 108.14  13.65   5.51 00
TKU1.VN.-- 108.23  14.70  79.20 01
SONT.VN.-- 108.32  15.15  65.49 01
TKU3.VN.-- 108.01  14.95  61.78 01
VC03.VN.-- 107.94  14.82  38.56 01
VC04.VN.-- 108.82  14.84   6.16 01
GLVB.VN.-- 107.99  14.23  10.81 01
VC05.VN.-- 108.14  13.65   5.51 01
TKU1.VN.-- 108.23  14.70  79.20 02
SONT.VN.-- 108.32  15.15  65.49 02
TKU3.VN.-- 108.01  14.95  61.78 02
VC03.VN.-- 107.94  14.82  38.56 02
VC04.VN.-- 108.82  14.84   6.16 02
GLVB.VN.-- 107.99  14.23  10.81 02
VC05.VN.-- 108.14  13.65   5.51 02
TKU1.VN.-- 108.23  14.70  79.20 03
SONT.VN.-- 108.32  15.15  65.49 03
TKU3.VN.-- 108.01  14.95  61.78 03
VC03.VN.-- 107.94  14.82  38.56 03
VC04.VN.-- 108.82  14.84   6.16 03
GLVB.VN.-- 107.99  14.23  10.81 03
VC05.VN.-- 108.14  13.65   5.51 03
TKU1.VN.-- 108.23  14.70  79.20 04
SONT.VN.-- 108.32  15.15  65.49 04
TKU3.VN.-- 108.01  14.95  61.78 04
VC03.VN.-- 107.94  14.82  38.56 04
VC04.VN.-- 108.82  14.84   6.16 04
GLVB.VN.-- 107.99  14.23  10.81 04
VC05.VN.-- 108.14  13.65   5.51 04
TKU1.VN.-- 108.23  14.70  79.20 05
SONT.VN.-- 108.32  15.15  65.49 05
TKU3.VN.-- 108.01  14.95  61.78 05
VC03.VN.-- 107.94  14.82  38.56 05
VC04.VN.-- 108.82  14.84   6.16 05
GLVB.VN.-- 107.99  14.23  10.81 05
VC05.VN.-- 108.14  13.65   5.51 05
TKU1.VN.-- 108.23  14.70  79.20 06
SONT.VN.-- 108.32  15.15  65.49 06
TKU3.VN.-- 108.01  14.95  61.78 06
VC03.VN.-- 107.94  14.82  38.56 06
VC04.VN.-- 108.82  14.84   6.16 06
GLVB.VN.-- 107.99  14.23  10.81 06
VC05.VN.-- 108.14  13.65   5.51 06
TKU1.VN.-- 108.23  14.70  79.20 07
SONT.VN.-- 108.32  15.15  65.49 07
TKU3.VN.-- 108.01  14.95  61.78 07
VC03.VN.-- 107.94  14.82  38.56 07
VC04.VN.-- 108.82  14.84   6.16 07
GLVB.VN.-- 107.99  14.23  10.81 07
VC05.VN.-- 108.14  13.65   5.51 07
TKU1.VN.-- 108.23  14.70  79.20 08
SONT.VN.-- 108.32  15.15  65.49 08
TKU3.VN.-- 108.01  14.95  61.78 08
VC03.VN.-- 107.94  14.82  38.56 08
VC04.VN.-- 108.82  14.84   6.16 08
GLVB.VN.-- 107.99  14.23  10.81 08
VC05.VN.-- 108.14  13.65   5.51 08
TKU1.VN.-- 108.23  14.70  79.20 09
SONT.VN.-- 108.32  15.15  65.49 09
TKU3.VN.-- 108.01  14.95  61.78 09
VC03.VN.-- 107.94  14.82  38.56 09
VC04.VN.-- 108.82  14.84   6.16 09
GLVB.VN.-- 107.99  14.23  10.81 09
VC05.VN.-- 108.14  13.65   5.51 09
TKU1.VN.-- 108.23  14.70  79.20 10
SONT.VN.-- 108.32  15.15  65.49 10
TKU3.VN.-- 108.01  14.95  61.78 10
VC03.VN.-- 107.94  14.82  38.56 10
VC04.VN.-- 108.82  14.84   6.16 10
GLVB.VN.-- 107.99  14.23  10.81 10
VC05.VN.-- 108.14  13.65   5.51 10
TKU1.VN.-- 108.23  14.70  79.20 11
SONT.VN.-- 108.32  15.15  65.49 11
TKU3.VN.-- 108.01  14.95  61.78 11
VC03.VN.-- 107.94  14.82  38.56 11
VC04.VN.-- 108.82  14.84   6.16 11
GLVB.VN.-- 107.99  14.23  10.81 11
VC05.VN.-- 108.14  13.65   5.51 11
TKU1.VN.-- 108.23  14.70  79.20 12
SONT.VN.-- 108.32  15.15  65.49 12
TKU3.VN.-- 108.01  14.95  61.78 12
VC03.VN.-- 107.94  14.82  38.56 12
VC04.VN.-- 108.82  14.84   6.16 12
GLVB.VN.-- 107.99  14.23  10.81 12
VC05.VN.-- 108.14  13.65   5.51 12
TKU1.VN.-- 108.23  14.70  79.20 13
SONT.VN.-- 108.32  15.15  65.49 13
TKU3.VN.-- 108.01  14.95  61.78 13
VC03.VN.-- 107.94  14.82  38.56 13
VC04.VN.-- 108.82  14.84   6.16 13
GLVB.VN.-- 107.99  14.23  10.81 13
VC05.VN.-- 108.14  13.65   5.51 13
TKU1.VN.-- 108.23  14.70  79.20 14
SONT.VN.-- 108.32  15.15  65.49 14
TKU3.VN.-- 108.01  14.95  61.78 14
VC03.VN.-- 107.94  14.82  38.56 14
VC04.VN.-- 108.82  14.84   6.16 14
GLVB.VN.-- 107.99  14.23  10.81 14
VC05.VN.-- 108.14  13.65   5.51 14
TKU1.VN.-- 108.23  14.70  79.20 15
SONT.VN.-- 108.32  15.15  65.49 15
TKU3.VN.-- 108.01  14.95  61.78 15
VC03.VN.-- 107.94  14.82  38.56 15
VC04.VN.-- 108.82  14.84   6.16 15
GLVB.VN.-- 107.99  14.23  10.81 15
VC05.VN.-- 108.14  13.65   5.51 15
TKU1.VN.-- 108.23  14.70  79.20 16
SONT.VN.-- 108.32  15.15  65.49 16
TKU3.VN.-- 108.01  14.95  61.78 16
VC03.VN.-- 107.94  14.82  38.56 16
VC04.VN.-- 108.82  14.84   6.16 16
GLVB.VN.-- 107.99  14.23  10.81 16
VC05.VN.-- 108.14  13.65   5.51 16
TKU1.VN.-- 108.23  14.70  79.20 17
SONT.VN.-- 108.32  15.15  65.49 17
TKU3.VN.-- 108.01  14.95  61.78 17
VC03.VN.-- 107.94  14.82  38.56 17
VC04.VN.-- 108.82  14.84   6.16 17
GLVB.VN.-- 107.99  14.23  10.81 17
VC05.VN.-- 108.14  13.65   5.51 17
TKU1.VN.-- 108.23  14.70  79.20 18
SONT.VN.-- 108.32  15.15  65.49 18
TKU3.VN.-- 108.01  14.95  61.78 18
VC03.VN.-- 107.94  14.82  38.56 18
VC04.VN.-- 108.82  14.84   6.16 18
GLVB.VN.-- 107.99  14.23  10.81 18
VC05.VN.-- 108.14  13.65   5.51 18
TKU1.VN.-- 108.23  14.70  79.20 19
SONT.VN.-- 108.32  15.15  65.49 19
TKU3.VN.-- 108.01  14.95  61.78 19
VC03.VN.-- 107.94  14.82  38.56 19
VC04.VN.-- 108.82  14.84   6.16 19
GLVB.VN.-- 107.99  14.23  10.81 19
VC05.VN.-- 108.14  13.65   5.51 19
TKU1.VN.-- 108.23  14.70  79.20 20
SONT.VN.-- 108.32  15.15  65.49 20
TKU3.VN.-- 108.01  14.95  61.78 20
VC03.VN.-- 107.94  14.82  38.56 20
VC04.VN.-- 108.82  14.84   6.16 20
GLVB.VN.-- 107.99  14.23  10.81 20
VC05.VN.-- 108.14  13.65   5.51 20
TKU1.VN.-- 108.23  14.70  79.20 21
SONT.VN.-- 108.32  15.15  65.49 21
TKU3.VN.-- 108.01  14.95  61.78 21
VC03.VN.-- 107.94  14.82  38.56 21
VC04.VN.-- 108.82  14.84   6.16 21
GLVB.VN.-- 107.99  14.23  10.81 21
VC05.VN.-- 108.14  13.65   5.51 21
TKU1.VN.-- 108.23  14.70  79.20 22
SONT.VN.-- 108.32  15.15  65.49 22
TKU3.VN.-- 108.01  14.95  61.78 22
VC03.VN.-- 107.94  14.82  38.56 22
VC04.VN.-- 108.82  14.84   6.16 22
GLVB.VN.-- 107.99  14.23  10.81 22
VC05.VN.-- 108.14  13.65   5.51 22
TKU1.VN.-- 108.23  14.70  79.20 23
SONT.VN.-- 108.32  15.15  65.49 23
TKU3.VN.-- 108.01  14.95  61.78 23
VC03.VN.-- 107.94  14.82  38.56 23
VC04.VN.-- 108.82  14.84   6.16 23
GLVB.VN.-- 107.99  14.23  10.81 23
VC05.VN.-- 108.14  13.65   5.51 23
TKU1.VN.-- 108.23  14.70  79.20 24
SONT.VN.-- 108.32  15.15  65.49 24
TKU3.VN.-- 108.01  14.95  61.78 24
VC03.VN.-- 107.94  14.82  38.56 24
VC04.VN.-- 108.82  14.84   6.16 24
GLVB.VN.-- 107.99  14.23  10.81 24
VC05.VN.-- 108.14  13.65   5.51 24
TKU1.VN.-- 108.23  14.70  79.20 25
SONT.VN.-- 108.32  15.15  65.49 25
TKU3.VN.-- 108.01  14.95  61.78 25
VC03.VN.-- 107.94  14.82  38.56 25
VC04.VN.-- 108.82  14.84   6.16 25
GLVB.VN.-- 107.99  14.23  10.81 25
VC05.VN.-- 108.14  13.65   5.51 25
TKU1.VN.-- 108.23  14.70  79.20 26
SONT.VN.-- 108.32  15.15  65.49 26
TKU3.VN.-- 108.01  14.95  61.78 26
VC03.VN.-- 107.94  14.82  38.56 26
VC04.VN.-- 108.82  14.84   6.16 26
GLVB.VN.-- 107.99  14.23  10.81 26
VC05.VN.-- 108.14  13.65   5.51 26
TKU1.VN.-- 108.23  14.70  79.20 27
SONT.VN.-- 108.32  15.15  65.49 27
TKU3.VN.-- 108.01  14.95  61.78 27
VC03.VN.-- 107.94  14.82  38.56 27
VC04.VN.-- 108.82  14.84   6.16 27
GLVB.VN.-- 107.99  14.23  10.81 27
VC05.VN.-- 108.14  13.65   5.51 27
TKU1.VN.-- 108.23  14.70  79.20 28
SONT.VN.-- 108.32  15.15  65.49 28
TKU3.VN.-- 108.01  14.95  61.78 28
VC03.VN.-- 107.94  14.82  38.56 28
VC04.VN.-- 108.82  14.84   6.16 28
GLVB.VN.-- 107.99  14.23  10.81 28
VC05.VN.-- 108.14  13.65   5.51 28
TKU1.VN.-- 108.23  14.70  79.20 29
SONT.VN.-- 108.32  15.15  65.49 29
TKU3.VN.-- 108.01  14.95  61.78 29
VC03.VN.-- 107.94  14.82  38.56 29
VC04.VN.-- 108.82  14.84   6.16 29
GLVB.VN.-- 107.99  14.23  10.81 29
VC05.VN.-- 108.14  13.65   5.51 29
TKU1.VN.-- 108.23  14.70  79.20 30
SONT.VN.-- 108.32  15.15  65.49 30
TKU3.VN.-- 108.01  14.95  61.78 30
VC03.VN.-- 107.94  14.82  38.56 30
VC04.VN.-- 108.82  14.84   6.16 30
GLVB.VN.-- 107.99  14.23  10.81 30
VC05.VN.-- 108.14  13.65   5.51 30
TKU1.VN.-- 108.23  14.70  79.20 31
SONT.VN.-- 108.32  15.15  65.49 31
TKU3.VN.-- 108.01  14.95  61.78 31
VC03.VN.-- 107.94  14.82  38.56 31
VC04.VN.-- 108.82  14.84   6.16 31
GLVB.VN.-- 107.99  14.23  10.81 31
VC05.VN.-- 108.14  13.65   5.51 31
TKU1.VN.-- 108.23  14.70  79.20 32
SONT.VN.-- 108.32  15.15  65.49 32
TKU3.VN.-- 108.01  14.95  61.78 32
VC03.VN.-- 107.94  14.82  38.56 32
VC04.VN.-- 108.82  14.84   6.16 32
GLVB.VN.-- 107.99  14.23  10.81 32
VC05.VN.-- 108.14  13.65   5.51 32
TKU1.VN.-- 108.23  14.70  79.20 33
SONT.VN.-- 108.32  15.15  65.49 33
TKU3.VN.-- 108.01  14.95  61.78 33
VC03.VN.-- 107.94  14.82  38.56 33
VC04.VN.-- 108.82  14.84   6.16 33
GLVB.VN.-- 107.99  14.23  10.81 33
VC05.VN.-- 108.14  13.65   5.51 33
TKU1.VN.-- 108.23  14.70  79.20 34
SONT.VN.-- 108.32  15.15  65.49 34
TKU3.VN.-- 108.01  14.95  61.78 34
VC03.VN.-- 107.94  14.82  38.56 34
VC04.VN.-- 108.82  14.84   6.16 34
GLVB.VN.-- 107.99  14.23  10.81 34
VC05.VN.-- 108.14  13.65   5.51 34
TKU1.VN.-- 108.23  14.70  79.20 35
SONT.VN.-- 108.32  15.15  65.49 35
TKU3.VN.-- 108.01  14.95  61.78 35
VC03.VN.-- 107.94  14.82  38.56 35
VC04.VN.-- 108.82  14.84   6.16 35
GLVB.VN.-- 107.99  14.23  10.81 35
VC05.VN.-- 108.14  13.65   5.51 35
TKU1.VN.-- 108.23  14.70  79.20 36
SONT.VN.-- 108.32  15.15  65.49 36
TKU3.VN.-- 108.01  14.95  61.78 36
VC03.VN.-- 107.94  14.82  38.56 36
VC04.VN.-- 108.82  14.84   6.16 36
GLVB.VN.-- 107.99  14.23  10.81 36
VC05.VN.-- 108.14  13.65   5.51 36
TKU1.VN.-- 108.23  14.70  79.20 37
SONT.VN.-- 108.32  15.15  65.49 37
TKU3.VN.-- 108.01  14.95  61.78 37
VC03.VN.-- 107.94  14.82  38.56 37
VC04.VN.-- 108.82  14.84   6.16 37
GLVB.VN.-- 107.99  14.23  10.81 37
VC05.VN.-- 108.14  13.65   5.51 37
TKU1.VN.-- 108.23  14.70  79.20 38
SONT.VN.-- 108.32  15.15  65.49 38
TKU3.VN.-- 108.01  14.95  61.78 38
VC03.VN.-- 107.94  14.82  38.56 38
VC04.VN.-- 108.82  14.84   6.16 38
GLVB.VN.-- 107.99  14.23  10.81 38
VC05.VN.-- 108.14  13.65   5.51 38
TKU1.VN.-- 108.23  14.70  79.20 39
SONT.VN.-- 108.32  15.15  65.49 39
TKU3.VN.-- 108.01  14.95  61.78 39
VC03.VN.-- 107.94  14.82  38.56 39
VC04.VN.-- 108.82  14.84   6.16 39
GLVB.VN.-- 107.99  14.23  10.81 39
VC05.VN.-- 108.14  13.65   5.51 39
TKU1.VN.-- 108.23  14.70  79.20 40
SONT.VN.-- 108.32  15.15  65.49 40
TKU3.VN.-- 108.01  14.95  61.78 40
VC03.VN.-- 107.94  14.82  38.56 40
VC04.VN.-- 108.82  14.84   6.16 40
GLVB.VN.-- 107.99  14.23  10.81 40
VC05.VN.-- 108.14  13.65   5.51 40
TKU1.VN.-- 108.23  14.70  79.20 41
SONT.VN.-- 108.32  15.15  65.49 41
TKU3.VN.-- 108.01  14.95  61.78 41
VC03.VN.-- 107.94  14.82  38.56 41
VC04.VN.-- 108.82  14.84   6.16 41
GLVB.VN.-- 107.99  14.23  10.81 41
VC05.VN.-- 108.14  13.65   5.51 41
TKU1.VN.-- 108.23  14.70  79.20 42
SONT.VN.-- 108.32  15.15  65.49 42
TKU3.VN.-- 108.01  14.95  61.78 42
VC03.VN.-- 107.94  14.82  38.56 42
VC04.VN.-- 108.82  14.84   6.16 42
GLVB.VN.-- 107.99  14.23  10.81 42
VC05.VN.-- 108.14  13.65   5.51 42
TKU1.VN.-- 108.23  14.70  79.20 43
SONT.VN.-- 108.32  15.15  65.49 43
TKU3.VN.-- 108.01  14.95  61.78 43
VC03.VN.-- 107.94  14.82  38.56 43
VC04.VN.-- 108.82  14.84   6.16 43
GLVB.VN.-- 107.99  14.23  10.81 43
VC05.VN.-- 108.14  13.65   5.51 43
TKU1.VN.-- 108.23  14.70  79.20 44
SONT.VN.-- 108.32  15.15  65.49 44
TKU3.VN.-- 108.01  14.95  61.78 44
VC03.VN.-- 107.94  14.82  38.56 44
VC04.VN.-- 108.82  14.84   6.16 44
GLVB.VN.-- 107.99  14.23  10.81 44
VC05.VN.-- 108.14  13.65   5.51 44
TKU1.VN.-- 108.23  14.70  79.20 45
SONT.VN.-- 108.32  15.15  65.49 45
TKU3.VN.-- 108.01  14.95  61.78 45
VC03.VN.-- 107.94  14.82  38.56 45
VC04.VN.-- 108.82  14.84   6.16 45
GLVB.VN.-- 107.99  14.23  10.81 45
VC05.VN.-- 108.14  13.65   5.51 45
TKU1.VN.-- 108.23  14.70  79.20 46
SONT.VN.-- 108.32  15.15  65.49 46
TKU3.VN.-- 108.01  14.95  61.78 46
VC03.VN.-- 107.94  14.82  38.56 46
VC04.VN.-- 108.82  14.84   6.16 46
GLVB.VN.-- 107.99  14.23  10.81 46
VC05.VN.-- 108.14  13.65   5.51 46
TKU1.VN.-- 108.23  14.70  79.20 47
SONT.VN.-- 108.32  15.15  65.49 47
TKU3.VN.-- 108.01  14.95  61.78 47
VC03.VN.-- 107.94  14.82  38.56 47
VC04.VN.-- 108.82  14.84   6.16 47
GLVB.VN.-- 107.99  14.23  10.81 47
VC05.VN.-- 108.14  13.65   5.51 47
TKU1.VN.-- 108.23  14.70  79.20 48
SONT.VN.-- 108.32  15.15  65.49 48
TKU3.VN.-- 108.01  14.95  61.78 48
VC03.VN.-- 107.94  14.82  38.56 48
VC04.VN.-- 108.82  14.84   6.16 48
GLVB.VN.-- 107.99  14.23  10.81 48
VC05.VN.-- 108.14  13.65   5.51 48
TKU1.VN.-- 108.23  14.70  79.20 49
SONT.VN.-- 108.32  15.15  65.49 49
TKU3.VN.-- 108.01  14.95  61.78 49
VC03.VN.-- 107.94  14.82  38.56 49
VC04.VN.-- 108.82  14.84   6.16 49
GLVB.VN.-- 107.99  14.23  10.81 49
VC05.VN.-- 108.14  13.65   5.51 49
TKU1.VN.-- 108.23  14.70  79.20 50
SONT.VN.-- 108.32  15.15  65.49 50
TKU3.VN.-- 108.01  14.95  61.78 50
VC03.VN.-- 107.94  14.82  38.56 50
VC04.VN.-- 108.82  14.84   6.16 50
GLVB.VN.-- 107.99  14.23  10.81 50
VC05.VN.-- 108.14  13.65   5.51 50
TKU1.VN.-- 108.23  14.70  79.20 51
SONT.VN.-- 108.32  15.15  65.49 51
TKU3.VN.-- 108.01  14.95  61.78 51
VC03.VN.-- 107.94  14.82  38.56 51
VC04.VN.-- 108.82  14.84   6.16 51
GLVB.VN.-- 107.99  14.23  10.81 51
VC05.VN.-- 108.14  13.65   5.51 51
TKU1.VN.-- 108.23  14.70  79.20 52
SONT.VN.-- 108.32  15.15  65.49 52
TKU3.VN.-- 108.01  14.95  61.78 52
VC03.VN.-- 107.94  14.82  38.56 52
VC04.VN.-- 108.82  14.84   6.16 52
GLVB.VN.-- 107.99  14.23  10.81 52
VC05.VN.-- 108.14  13.65   5.51 52
TKU1.VN.-- 108.23  14.70  79.20 53
SONT.VN.-- 108.32  15.15  65.49 53
TKU3.VN.-- 108.01  14.95  61.78 53
VC03.VN.-- 107.94  14.82  38.56 53
VC04.VN.-- 108.82  14.84   6.16 53
GLVB.VN.-- 107.99  14.23  10.81 53
VC05.VN.-- 108.14  13.65   5.51 53
TKU1.VN.-- 108.23  14.70  79.20 54
SONT.VN.-- 108.32  15.15  65.49 54
TKU3.VN.-- 108.01  14.95  61.78 54
VC03.VN.-- 107.94  14.82  38.56 54
VC04.VN.-- 108.82  14.84   6.16 54
GLVB.VN.-- 107.99  14.23  10.81 54
VC05.VN.-- 108.14  13.65   5.51 54
TKU1.VN.-- 108.23  14.70  79.20 55
SONT.VN.-- 108.32  15.15  65.49 55
TKU3.VN.-- 108.01  14.95  61.78 55
VC03.VN.-- 107.94  14.82  38.56 55
VC04.VN.-- 108.82  14.84   6.16 55
GLVB.VN.-- 107.99  14.23  10.81 55
VC05.VN.-- 108.14  13.65   5.51 55
TKU1.VN.-- 108.23  14.70  79.20 56
SONT.VN.-- 108.32  15.15  65.49 56
TKU3.VN.-- 108.01  14.95  61.78 56
VC03.VN.-- 107.94  14.82  38.56 56
VC04.VN.-- 108.82  14.84   6.16 56
GLVB.VN.-- 107.99  14.23  10.81 56
VC05.VN.-- 108.14  13.65   5.51 56
TKU1.VN.-- 108.23  14.70  79.20 57
SONT.VN.-- 108.32  15.15  65.49 57
TKU3.VN.-- 108.01  14.95  61.78 57
VC03.VN.-- 107.94  14.82  38.56 57
VC04.VN.-- 108.82  14.84   6.16 57
GLVB.VN.-- 107.99  14.23  10.81 57
VC05.VN.-- 108.14  13.65   5.51 57
TKU1.VN.-- 108.23  14.70  79.20 58
SONT.VN.-- 108.32  15.15  65.49 58
TKU3.VN.-- 108.01  14.95  61.78 58
VC03.VN.-- 107.94  14.82  38.56 58
VC04.VN.-- 108.82  14.84   6.16 58
GLVB.VN.-- 107.99  14.23  10.81 58
VC05.VN.-- 108.14  13.65   5.51 58
TKU1.VN.-- 108.23  14.70  79.20 59
SONT.VN.-- 108.32  15.15  65.49 59
TKU3.VN.-- 108.01  14.95  61.78 59
VC03.VN.-- 107.94  14.82  38.56 59
VC04.VN.-- 108.82  14.84   6.16 59
GLVB.VN.-- 107.99  14.23  10.81 59
VC05.VN.-- 108.14  13.65   5.51 59
