TKU1.VN.-- 108.23  14.70  79.20 49
SONT.VN.-- 108.32  15.15  57.68 49
TKU3.VN.-- 108.01  14.95   6.32 49
TKU1.VN.-- 108.23  14.70  79.20 50
SONT.VN.-- 108.32  15.15  57.68 50
TKU3.VN.-- 108.01  14.95   6.32 50
TKU1.VN.-- 108.23  14.70  79.20 51
SONT.VN.-- 108.32  15.15  65.49 51
TKU3.VN.-- 108.01  14.95  31.94 51
VC03.VN.-- 107.94  14.82  22.39 51
TKU1.VN.-- 108.23  14.70  79.20 52
SONT.VN.-- 108.32  15.15  65.49 52
TKU3.VN.-- 108.01  14.95  39.66 52
VC03.VN.-- 107.94  14.82  32.62 52
TKU1.VN.-- 108.23  14.70  79.20 53
SONT.VN.-- 108.32  15.15  65.49 53
TKU3.VN.-- 108.01  14.95  39.66 53
VC03.VN.-- 107.94  14.82  32.62 53
TKU1.VN.-- 108.23  14.70  79.20 54
SONT.VN.-- 108.32  15.15  65.49 54
TKU3.VN.-- 108.01  14.95  58.16 54
VC03.VN.-- 107.94  14.82  32.62 54
TKU1.VN.-- 108.23  14.70  79.20 55
SONT.VN.-- 108.32  15.15  65.49 55
TKU3.VN.-- 108.01  14.95  58.16 55
VC03.VN.-- 107.94  14.82  32.62 55
VC04.VN.-- 108.82  14.84   1.96 55
TKU1.VN.-- 108.23  14.70  79.20 56
SONT.VN.-- 108.32  15.15  65.49 56
TKU3.VN.-- 108.01  14.95  58.16 56
VC03.VN.-- 107.94  14.82  33.07 56
VC04.VN.-- 108.82  14.84   1.96 56
TKU1.VN.-- 108.23  14.70  79.20 57
SONT.VN.-- 108.32  15.15  65.49 57
TKU3.VN.-- 108.01  14.95  61.78 57
VC03.VN.-- 107.94  14.82  35.27 57
VC04.VN.-- 108.82  14.84   1.96 57
GLVB.VN.-- 107.99  14.23   3.33 57
TKU1.VN.-- 108.23  14.70  79.20 58
SONT.VN.-- 108.32  15.15  65.49 58
TKU3.VN.-- 108.01  14.95  61.78 58
VC03.VN.-- 107.94  14.82  35.27 58
VC04.VN.-- 108.82  14.84   2.31 58
GLVB.VN.-- 107.99  14.23   3.33 58
TKU1.VN.-- 108.23  14.70  79.20 59
SONT.VN.-- 108.32  15.15  65.49 59
TKU3.VN.-- 108.01  14.95  61.78 59
VC03.VN.-- 107.94  14.82  35.27 59
VC04.VN.-- 108.82  14.84   2.31 59
GLVB.VN.-- 107.99  14.23   3.33 59
