> # Song Thuong
106.216317 21.491274
106.274091 21.497217
106.324026 21.503749
106.398896 21.516838
106.462112 21.541301
106.515586 21.578334
106.551213 21.605216
106.57088 21.625534
106.603241 21.6584
106.653486 21.697828
106.702968 21.74922
106.796877 21.84483
>
105.433429	21.647992
105.47568	21.65527
105.537136	21.663586
105.604434	21.664719
105.648684	21.662883
105.684589	21.662252
105.72053	21.658031
105.746825	21.65681
105.787278	21.650193
105.827119	21.640586
105.910679	21.618377
105.940233	21.61177
105.994879	21.596168
106.045685	21.579971
106.077266	21.563194
106.131373	21.537425
106.188075	21.508662
106.20805	21.498475
>
105.814268	21.659736
105.879695	21.638741
105.870153	21.656408
> # Cao Bang - Tien Yen
106.963686 21.688648
106.988091 21.655523
107.006691 21.636771
107.018311 21.620206
107.029937 21.609178
107.0404 21.600359
107.052026 21.589331
107.062488 21.579407
107.075275 21.565061
107.095039 21.547421
107.107827 21.536397
107.126426 21.516537
107.133402 21.512136
107.141536 21.498879
107.150834 21.486734
107.162457 21.473491
107.176407 21.460258
107.193848 21.445931
107.203149 21.439322
107.219424 21.422776
107.241517 21.407359
107.264773 21.391947
107.29036 21.380972
107.318272 21.367793
107.348512 21.355729
107.362469 21.350247
107.386887 21.333732
107.397351 21.323806
107.417117 21.309488
107.442702 21.295191
107.465955 21.276457
107.485719 21.258817
107.532221 21.215812
107.546589 21.198155
>
106.970134 21.71937
106.936082 21.746888
106.881754 21.775124
106.843185 21.803001
106.795734 21.842038
106.757219 21.883884
106.703861 21.934087
106.641676 22.00942
106.609144 22.059656
106.567709 22.115465
106.544093 22.162922
106.473025 22.249415
106.425748 22.333153
106.38148 22.425277
106.357961 22.497877
106.301846 22.603951
106.293008 22.626287
106.279707 22.648615
106.261921 22.66535
>
106.24654	22.541981
106.210361	22.620517
106.185886	22.655858
106.153826	22.694802
106.126296	22.736358
106.088316	22.779619
106.055741	22.81868
106.014371	22.891252
105.978979	22.970818
105.896387	23.153678
105.852151	23.254183
105.778195	23.363022
105.730842	23.427203
105.707313	23.49701
105.684777	23.55174
> Song Da
103.172871603563 22.589330540877
103.190076727156 22.5758122294823
103.199908226352 22.5721254172837
103.212197600347 22.5635228554871
103.23063166134 22.5487756066928
103.245378910135 22.5352572952981
103.25766828413 22.5192811091043
103.267499783326 22.502075985511
103.273644470323 22.4799551123196
103.284704906919 22.4578342391283
103.298223218314 22.4246529293412
103.305596842711 22.4049899309489
103.336320277699 22.3435430609728
103.360899025689 22.3005302519896
103.38547777368 22.266120004803
103.41005652167 22.2304808202169
103.430948457462 22.1936126982312
103.450611455855 22.1542867014466
103.46167189245 22.1309368908557
103.466587642048 22.1026713306667
103.469045516847 22.0707189582791
103.465358704649 22.0559717094849
103.470274454247 22.0289350866954
103.496082139637 21.9441384061285
>
103.500997889235 21.9379937191309
103.530492386823 21.8777757865543
103.556300072213 21.8212446661764
103.604228630795 21.7413637352075
103.647241439778 21.6590249294396
103.681651686964 21.6049516838606
103.714832996752 21.5447337512841
103.748014306539 21.5140103162961
103.813147988713 21.47837113171
103.868450171692 21.4611660081167
103.928668104268 21.4390451349253
103.983970287247 21.421840011332
104.019609471833 21.4169242617339
104.041730345024 21.4021770129397
104.057706531218 21.3825140145473
104.084743154007 21.3382722681646
>
104.088429966206 21.334585455966
104.120382338594 21.2768253981885
104.146190023983 21.2374994014039
104.169539834574 21.2092338412149
104.185516020768 21.1834261558249
104.201492206962 21.1588474078345
104.250649702943 21.1207503484494
104.298578261524 21.098629475258
104.357567256701 21.0740507272676
104.427616688474 21.0568456036743
104.492750370648 21.0285800434853
104.535763179632 20.9966276710977
104.588607487811 20.9585306117126
104.666030543981 20.8995416165356
>
104.672175230978 20.895854804337
104.743453600151 20.8565288075523
104.799984720529 20.834407934361
104.887239275895 20.808600248971
104.974493831261 20.7889372505787
105.058061574428 20.7631295651887
105.178497439581 20.7446955041959
>
105.090129	20.75771
105.132605	20.689838
105.186224	20.624226
105.240962	20.562892
105.274476	20.527372
105.311342	20.491834
105.359384	20.459448
105.391844	20.444992
105.443187	20.423653
105.49682	20.399802
105.529321	20.381608
105.585977	20.352652
105.615919	20.331573
105.646508	20.307495
105.700161	20.257345
105.744848	20.217481
105.817386	20.149275
105.874441	20.101126
105.931421	20.059054
>
105.932642	20.057958
106.236088	19.910371
> -L"Phu Luong"
104.868351340791 23.3841881036146
105.010269247259 23.2958836284788
105.035499097298 23.2738075096949
105.067036409846 23.2422701971464
105.120649841179 23.188656765814
105.171109541256 23.1413507969912
105.218415510079 23.103506021933
105.275182672666 23.0719687093846
105.331949835253 23.0593537843652
105.39502446035 23.0404313968361
105.461252816702 23.0152015467973
105.495943860506 22.9868179655036
105.543249829328 22.9458194591906
105.596863260661 22.8764373715839
105.650476691993 22.7944403589578
105.70724385458 22.6840597650381
105.776625942187 22.5642179773538
105.836546836029 22.4632985771987
105.858622954813 22.4096851458662
105.890160267362 22.3056120144562
105.890160267362 22.2583060456335
105.887006536107 22.204692614301
105.877545342342 22.1384642579492
105.855469223558 22.0659284390877
105.827085642265 21.9933926202261
105.779779673442 21.8893194888161
105.732473704619 21.8010150136803
105.672552810777 21.6748657634864